R=0.085
Lx=0.195
Ly=0.245
b=49
r=R
